%YAML:1.0
---
camera_matrix: !!opencv-matrix
   rows: 3
   cols: 3
   dt: d
   data: [ 424.90269122941453, 0., 322.49153732553117, 0.,
       424.98202715646642, 236.76857244197109, 0., 0., 1. ]
dist_coeff: !!opencv-matrix
   rows: 1
   cols: 5
   dt: d
   data: [ -0.021210306353465637, 0.09878123524718567,
       -7.0379578038150966e-05, -3.8083662671997335e-05,
       -0.095518604394020531 ]
